0.0000000000 0.7597595955 0.7583100367 0.5988713748 0.6691097304 0.6545598340 0.6278872422 0.5128115577 0.5446904491 0.5584554993 0.5652116210 0.4551190516 0.4912840340 0.5133284142 0.5224098564 0.4212516579 0.4238492326 0.4437341507 0.4812602223 0.3807134092 0.3937937657 0.4000142671 0.4351498389 0.3682640412 0.3594827022 0.3457989456 0.6264696747 0.6654216446 0.6165667999 0.5548570264 0.5136577713 0.4782718551 0.4313264919 0.3612462017 0.3372575416 0.5027508630 0.5207700252 0.4509103016 0.5686063003 0.4937951530 0.4288515634 0.3883077043 0.5288241100 0.4825387262 0.4212497189 0.3731642828 0.5002258963 0.4392202457 0.3941592510 0.3644167082 0.4673413092 0.4097056730 0.3759118374 0.3478778758 0.4172783002 0.3728449933 0.3458072451 0.3326093469 0.3493422891 0.3279478737 0.3306216729
0.7597595955 0.0000000000 0.8388612080 0.8195239423 0.8487994258 0.7719085964 0.7095747135 0.6800519435 0.6984967031 0.6727946020 0.6422706976 0.5707850763 0.6177339606 0.6235081805 0.5955519141 0.4886786455 0.4974381649 0.5048601453 0.5400083588 0.4096664446 0.4340635116 0.4388247707 0.4805835230 0.3895896491 0.3714275918 0.3445440186 0.7368633164 0.7459685862 0.6813395873 0.6091657000 0.5610821130 0.5211059734 0.4684693227 0.3848034716 0.3397024108 0.5149442713 0.5696197391 0.4958739480 0.6168308083 0.5289913024 0.4617876808 0.4164669262 0.5711716703 0.5155160801 0.4497760247 0.3911065898 0.5389962361 0.4671853369 0.4156859756 0.3723424489 0.5030754442 0.4385651370 0.3944924819 0.3520473261 0.4512496073 0.3954026409 0.3610635797 0.3415392870 0.3683356085 0.3349301428 0.3397822834
0.7583100367 0.8388612080 0.0000000000 0.7708736920 0.8691109812 0.8894796668 0.8771353070 0.6616472922 0.7270885980 0.7790634416 0.7861691047 0.5561929450 0.6447422949 0.7114995507 0.7184911566 0.4824611987 0.5252856895 0.5733028487 0.6354924720 0.4259797766 0.4633750287 0.4820285585 0.5519324823 0.4304516998 0.3898566217 0.3661052231 0.7929430471 0.9092629155 0.8546421273 0.7642916991 0.6899706846 0.6210097421 0.5418316026 0.4262179989 0.3578136409 0.5868601196 0.7067625899 0.5940666887 0.7728835644 0.6597292282 0.5790317841 0.5221086076 0.7081367037 0.6336304248 0.5568050282 0.4682694074 0.6655776791 0.5699184222 0.4928936342 0.4157108865 0.6037180443 0.5228973641 0.4538565188 0.3806040737 0.5251888037 0.4522730517 0.3956482355 0.3448954029 0.4016547498 0.3471861986 0.3436534412
0.5988713748 0.8195239423 0.7708736920 0.0000000000 0.8862264392 0.7929611527 0.7193764744 0.8192397245 0.8157723408 0.7523063014 0.6783679715 0.6927350022 0.7413280433 0.7149275731 0.6407025114 0.5669918615 0.6010283868 0.5791110458 0.5863494933 0.4688252081 0.5003562146 0.4987280472 0.5246264245 0.4386115655 0.4189217936 0.3801173531 0.6144881748 0.6896179193 0.6695036601 0.6207783979 0.5865946758 0.5460637815 0.4940943926 0.4120754413 0.3617902401 0.4504009700 0.5342720817 0.4619622445 0.5952644901 0.5092614739 0.4630422843 0.4431232951 0.5660452005 0.5068276509 0.4592311102 0.4089114855 0.5566616571 0.4778800446 0.4231214088 0.3768405202 0.5198441774 0.4545634175 0.4005955427 0.3542506508 0.4715167905 0.4083567171 0.3659701503 0.3399166174 0.3794095144 0.3434055409 0.3362988773
0.6691097304 0.8487994258 0.8691109812 0.8862264392 0.0000000000 0.8856697368 0.8142151401 0.7929424846 0.8393244601 0.8271086392 0.7614844287 0.6631912039 0.7459710022 0.7633773784 0.7082183331 0.5463591170 0.6011991785 0.6077179987 0.6355258393 0.4652480970 0.5065075664 0.5189240166 0.5602792601 0.4547645418 0.4187372819 0.3825482751 0.6719250019 0.7794237944 0.7607981432 0.7009429153 0.6487049838 0.5974859796 0.5323261968 0.4343630614 0.3660659852 0.4982375130 0.5973392641 0.5038608360 0.6741647272 0.5722202246 0.5074155724 0.4694103980 0.6371902957 0.5654764573 0.5020861560 0.4348011626 0.6160790411 0.5261279030 0.4555502979 0.3919662930 0.5712856280 0.4941646621 0.4270979343 0.3652339616 0.5090777807 0.4366287620 0.3867432319 0.3409859501 0.4013312744 0.3488860024 0.3433904238
0.6545598340 0.7719085964 0.8894796668 0.7929611527 0.8856697368 0.0000000000 0.8938903523 0.7206190476 0.8014088754 0.8659338858 0.8422640099 0.6093175716 0.7218293343 0.7960327888 0.7774938217 0.5177639476 0.5900748832 0.6343019142 0.6852391983 0.4600210478 0.5091081041 0.5312060639 0.5945793443 0.4685104234 0.4191013817 0.3914710009 0.6970732014 0.8442192031 0.8462282065 0.7873535985 0.7222429794 0.6532764096 0.5716426037 0.4532770410 0.3758355145 0.5298670541 0.6619881385 0.5478022000 0.7565465947 0.6353065743 0.5578201899 0.5137064072 0.7120333035 0.6243774138 0.5542549817 0.4664969648 0.6856395727 0.5799711717 0.4978775718 0.4201791428 0.6278817148 0.5418256775 0.4653217352 0.3882691656 0.5516218569 0.4729512342 0.4118172382 0.3505246122 0.4229957584 0.3586600949 0.3484638514
0.6278872422 0.7095747135 0.8771353070 0.7193764744 0.8142151401 0.8938903523 0.0000000000 0.6581589365 0.7457078039 0.8574895780 0.9121068690 0.5730914981 0.6951099410 0.8077718075 0.8470809342 0.4987667934 0.5877526413 0.6626988632 0.7417952984 0.4568301470 0.5199763343 0.5570403023 0.6367331679 0.4922061234 0.4234549222 0.3998844531 0.7244454785 0.9035925974 0.9403445893 0.8951382984 0.8177135662 0.7239756680 0.6229996963 0.4813140645 0.3877792843 0.5892369644 0.7437008773 0.6308085909 0.8615084995 0.7299337331 0.6444606854 0.5907922977 0.8207472491 0.7204653459 0.6380165334 0.5241599842 0.7840580615 0.6629293145 0.5617782306 0.4588162170 0.7040574135 0.6109883093 0.5166821670 0.4217010109 0.6057979345 0.5197160947 0.4496207363 0.3738068869 0.4517071902 0.3717145428 0.3638585994
0.5128115577 0.6800519435 0.6616472922 0.8192397245 0.7929424846 0.7206190476 0.6581589365 0.0000000000 0.8179115163 0.7458504218 0.6565607296 0.7998171163 0.8252193754 0.7570878794 0.6529183067 0.6678563719 0.7066793878 0.6609398390 0.6288698186 0.5627111142 0.5983280113 0.5816411994 0.5803001468 0.5087446527 0.4903107096 0.4283459923 0.5177509768 0.6045941634 0.6123095388 0.5922316283 0.5807475660 0.5649867525 0.5284703734 0.4553628658 0.3919449491 0.4161623519 0.4912801111 0.4341086913 0.5516527762 0.4790270629 0.4492101232 0.4349042678 0.5399591922 0.4873392425 0.4534108112 0.4052660007 0.5507664824 0.4753403709 0.4287686196 0.3748988187 0.5279673396 0.4661373678 0.4133852516 0.3607970118 0.4948087958 0.4340386891 0.3869138530 0.3503470110 0.4093303080 0.3604838135 0.3479577347
0.5446904491 0.6984967031 0.7270885980 0.8157723408 0.8393244601 0.8014088754 0.7457078039 0.8179115163 0.0000000000 0.8371747668 0.7461638632 0.7392927977 0.8278882664 0.8216013855 0.7267784535 0.6204428328 0.6962582032 0.6889556150 0.6800750759 0.5336947514 0.5881591425 0.5912033317 0.6128070149 0.5132300376 0.4715854025 0.4202583677 0.5605529493 0.6688986810 0.6880803997 0.6673226217 0.6470495060 0.6159424708 0.5633303264 0.4713882142 0.3904302182 0.4507586939 0.5383004607 0.4647925404 0.6157542270 0.5282102743 0.4762777871 0.4527052514 0.6031629673 0.5343988294 0.4854482681 0.4263800406 0.6081548379 0.5205479311 0.4568088355 0.3968887656 0.5794039500 0.5064342836 0.4398990728 0.3810592232 0.5307505549 0.4619033480 0.4084927798 0.3552159343 0.4266338306 0.3608372072 0.3510383196
0.5584554993 0.6727946020 0.7790634416 0.7523063014 0.8271086392 0.8659338858 0.8574895780 0.7458504218 0.8371747668 0.0000000000 0.8819903268 0.6562694952 0.7985332751 0.8893198624 0.8417661735 0.5666832416 0.6743068592 0.7229065915 0.7556991548 0.5125993001 0.5816028245 0.6072498407 0.6591042077 0.5288888934 0.4668700756 0.4267664110 0.5997184963 0.7493151825 0.7970928140 0.7886426646 0.7552177837 0.6990850592 0.6181319258 0.4956924055 0.4018929382 0.4902504050 0.6041623973 0.5097447659 0.7131266810 0.5992597716 0.5290301422 0.4936823201 0.7018653003 0.6075043738 0.5430074816 0.4558771483 0.7051849059 0.5852183510 0.4988036923 0.4138430826 0.6563813131 0.5628362217 0.4752377580 0.3931600194 0.5846036512 0.5025225310 0.4343454949 0.3632912321 0.4529158575 0.3738397895 0.3579955457
0.5652116210 0.6422706976 0.7861691047 0.6783679715 0.7614844287 0.8422640099 0.9121068690 0.6565607296 0.7461638632 0.8819903268 0.0000000000 0.5924705724 0.7389842919 0.8748284105 0.9300146214 0.5271727650 0.6445597579 0.7385444469 0.8260966006 0.4951835100 0.5806924467 0.6257468034 0.7092571608 0.5500083943 0.4632599324 0.4340906291 0.6380171141 0.8098455556 0.8895007396 0.9156935954 0.8859996356 0.7967527414 0.6847022498 0.5294633556 0.4150461341 0.5451444919 0.6796288317 0.5829744344 0.8172973233 0.6878872892 0.6066923049 0.5647951507 0.8236082852 0.7072854468 0.6309309045 0.5174586391 0.8270807989 0.6823457086 0.5748800147 0.4622890469 0.7585278888 0.6506663228 0.5432215039 0.4372370367 0.6587323986 0.5653407755 0.4853174414 0.3939518865 0.4924089475 0.3928428693 0.3769961474
0.4551190516 0.5707850763 0.5561929450 0.6927350022 0.6631912039 0.6093175716 0.5730914981 0.7998171163 0.7392927977 0.6562694952 0.5924705724 0.0000000000 0.8456635723 0.7270110821 0.6183753343 0.7681054024 0.7946263246 0.7036121130 0.6371133517 0.6748461753 0.7024819834 0.6517033335 0.6219362371 0.5848725704 0.5871299115 0.4941805524 0.4586187802 0.5194561163 0.5351097516 0.5347956300 0.5476154503 0.5601176666 0.5502853686 0.5010961624 0.4358875375 0.3861031674 0.4400501972 0.3938226011 0.4887513867 0.4348431597 0.4037185769 0.3859404899 0.4960550295 0.4453888872 0.4107987045 0.3721412230 0.5158289501 0.4452649557 0.4012605877 0.3637887246 0.5132004092 0.4508533842 0.3994078359 0.3590972189 0.4995012828 0.4343879734 0.3929600081 0.3511372235 0.4307398204 0.3834285863 0.3565670461
0.4912840340 0.6177339606 0.6447422949 0.7413280433 0.7459710022 0.7218293343 0.6951099410 0.8252193754 0.8278882664 0.7985332751 0.7389842919 0.8456635723 0.0000000000 0.8855911742 0.7747333042 0.7626055689 0.8725692980 0.8420508782 0.7862878457 0.6920391750 0.7722499211 0.7543501657 0.7455890532 0.6606099118 0.6154604678 0.5273729171 0.5080320037 0.6098140337 0.6481668829 0.6625030461 0.6817783817 0.6912552299 0.6625855393 0.5731956600 0.4692048650 0.4211726332 0.5052668951 0.4392262660 0.5900556567 0.5069688486 0.4587883766 0.4365643042 0.6037271403 0.5329906118 0.4860122695 0.4214503033 0.6378237862 0.5377687901 0.4686498485 0.3958968191 0.6319746814 0.5465144313 0.4702899014 0.3912337312 0.6035235568 0.5165457492 0.4506503752 0.3739162643 0.4929949354 0.4120938040 0.3762006930
0.5133284142 0.6235081805 0.7114995507 0.7149275731 0.7633773784 0.7960327888 0.8077718075 0.7570878794 0.8216013855 0.8893198624 0.8748284105 0.7270110821 0.8855911742 0.0000000000 0.9032082072 0.6616919043 0.8096220041 0.8695531347 0.8736305281 0.6096202203 0.7223675324 0.7522432530 0.7933375378 0.6518768176 0.5598945100 0.5005665123 0.5613584552 0.6996467388 0.7635254936 0.7945152097 0.8105780956 0.7928339207 0.7291265850 0.5969398092 0.4662436090 0.4712875967 0.5828381639 0.5026797738 0.6965530856 0.5901876772 0.5279154318 0.4989865957 0.7136969065 0.6197102935 0.5611958000 0.4716537150 0.7532156074 0.6230053010 0.5312715516 0.4321356415 0.7306695242 0.6254612965 0.5256513219 0.4222608091 0.6750464921 0.5735934745 0.4913589471 0.3940634391 0.5259922706 0.4194770219 0.3895347785
0.5224098564 0.5955519141 0.7184911566 0.6407025114 0.7082183331 0.7774938217 0.8470809342 0.6529183067 0.7267784535 0.8417661735 0.9300146214 0.6183753343 0.7747333042 0.9032082072 0.0000000000 0.5696678173 0.7184012055 0.8322532687 0.9241687914 0.5492540013 0.6671981996 0.7277143948 0.8208451873 0.6430408153 0.5231901924 0.4888937024 0.5915911995 0.7458808483 0.8379865688 0.9052314634 0.9393118063 0.8955997507 0.7961988732 0.6220692586 0.4739854301 0.5139135430 0.6398677891 0.5569743774 0.7849289283 0.6646663815 0.5922548066 0.5582632510 0.8273995563 0.7122478942 0.6420247482 0.5271550802 0.8762838072 0.7196105995 0.6051995218 0.4797796827 0.8392701562 0.7172499205 0.5956898174 0.4648643977 0.7532666168 0.6442501557 0.5484491163 0.4294243869 0.5712872298 0.4426014923 0.4141175980
0.4212516579 0.4886786455 0.4824611987 0.5669918615 0.5463591170 0.5177639476 0.4987667934 0.6678563719 0.6204428328 0.5666832416 0.5271727650 0.7681054024 0.7626055689 0.6616919043 0.5696678173 0.0000000000 0.7983105899 0.7064180480 0.6211398675 0.8042804538 0.7998152661 0.7094327544 0.6502097171 0.6818130685 0.7295950638 0.6120683050 0.4168580721 0.4636820000 0.4781760225 0.4854287623 0.5086041239 0.5453250288 0.5650036373 0.5588107134 0.5169520604 0.3675618917 0.4109520761 0.3709745364 0.4486997149 0.4004516812 0.3721918092 0.3596831781 0.4571357628 0.4140159212 0.3837697954 0.3539257516 0.4835546130 0.4261246518 0.3872981311 0.3520037424 0.5010453188 0.4458435768 0.3986332754 0.3602901207 0.5110374198 0.4492563730 0.4095526418 0.3592926178 0.4651366624 0.4290970259 0.3719098696
0.4238492326 0.4974381649 0.5252856895 0.6010283868 0.6011991785 0.5900748832 0.5877526413 0.7066793878 0.6962582032 0.6743068592 0.6445597579 0.7946263246 0.8725692980 0.8096220041 0.7184012055 0.7983105899 0.0000000000 0.8770237968 0.7855338127 0.7856873597 0.8846297762 0.8454096152 0.8004329253 0.7718525723 0.7327902551 0.6311098863 0.4361223237 0.5135561787 0.5573926169 0.5912728982 0.6342441488 0.6844773771 0.6991617631 0.6543895277 0.5527748267 0.3796340390 0.4424938795 0.3889935183 0.5184426536 0.4555679691 0.4113397844 0.3951887974 0.5475591535 0.4883187167 0.4478440046 0.3939026931 0.6001041381 0.5120964685 0.4486330603 0.3824356975 0.6227859191 0.5421378561 0.4709424233 0.3921733494 0.6266555590 0.5408910663 0.4768259393 0.3912234543 0.5461985564 0.4713197906 0.4045245289
0.4437341507 0.5048601453 0.5733028487 0.5791110458 0.6077179987 0.6343019142 0.6626988632 0.6609398390 0.6889556150 0.7229065915 0.7385444469 0.7036121130 0.8420508782 0.8695531347 0.8322532687 0.7064180480 0.8770237968 0.0000000000 0.9056697731 0.7036312583 0.8562508255 0.8829494022 0.8978408026 0.7941028704 0.6784206075 0.6127331186 0.4781347468 0.5761265698 0.6395195549 0.6927579419 0.7592030720 0.8169103394 0.8147711301 0.7177583108 0.5700228171 0.4160085407 0.4989314043 0.4387981703 0.5994314092 0.5239275417 0.4701649122 0.4500069970 0.6422940050 0.5687205816 0.5237986237 0.4502814498 0.7175971896 0.6061328309 0.5246243357 0.4313978445 0.7444235847 0.6476390474 0.5537443362 0.4383298495 0.7404042360 0.6357515277 0.5487580789 0.4349070756 0.6179846490 0.5019898930 0.4362529536
0.4812602223 0.5400083588 0.6354924720 0.5863494933 0.6355258393 0.6852391983 0.7417952984 0.6288698186 0.6800750759 0.7556991548 0.8260966006 0.6371133517 0.7862878457 0.8736305281 0.9241687914 0.6211398675 0.7855338127 0.9056697731 0.0000000000 0.6234073403 0.7770217051 0.8454059841 0.9314835994 0.7682058029 0.6170892942 0.5808877243 0.5345280892 0.6584836354 0.7391168650 0.8121611846 0.8956809510 0.9414946322 0.9042020886 0.7400309965 0.5632560607 0.4774232206 0.5779813811 0.5134625379 0.7022373261 0.6076535968 0.5490697961 0.5248837079 0.7614613348 0.6699684802 0.6161161490 0.5171174978 0.8515066737 0.7150505401 0.6084396471 0.4868667801 0.8712940228 0.7555280273 0.6362486981 0.4909021800 0.8390590167 0.7163007152 0.6116067794 0.4708440526 0.6632015702 0.5125269165 0.4592831003
0.3807134092 0.4096664446 0.4259797766 0.4688252081 0.4652480970 0.4600210478 0.4568301470 0.5627111142 0.5336947514 0.5125993001 0.4951835100 0.6748461753 0.6920391750 0.6096202203 0.5492540013 0.8042804538 0.7856873597 0.7036312583 0.6234073403 0.0000000000 0.8791069193 0.7636846052 0.6894325694 0.7938718080 0.8789954218 0.7583301848 0.3761103831 0.4159623397 0.4425894905 0.4624917643 0.4969507359 0.5511126022 0.6028912818 0.6486409316 0.6390245926 0.3507206892 0.3779184047 0.3488260864 0.4204945899 0.3843419819 0.3542170310 0.3476314546 0.4416269026 0.4044108169 0.3772586144 0.3505671348 0.4775589358 0.4264760033 0.3875899668 0.3554336242 0.5060359888 0.4581662679 0.4164492039 0.3679366008 0.5447206254 0.4837942950 0.4501082849 0.3917066772 0.5336975047 0.5143040412 0.4183395897
0.3937937657 0.4340635116 0.4633750287 0.5003562146 0.5065075664 0.5091081041 0.5199763343 0.5983280113 0.5881591425 0.5816028245 0.5806924467 0.7024819834 0.7722499211 0.7223675324 0.6671981996 0.7998152661 0.8846297762 0.8562508255 0.7770217051 0.8791069193 0.0000000000 0.9178278016 0.8575331342 0.9208818026 0.9002123200 0.8132547527 0.4015461088 0.4610169715 0.5064519469 0.5452177407 0.6038637330 0.6903296348 0.7579783226 0.7825302978 0.7072743561 0.3633184498 0.4126534947 0.3679887654 0.4807080916 0.4296775227 0.3886703005 0.3787736996 0.5180939718 0.4680611846 0.4350153927 0.3911482117 0.5813631335 0.5043578719 0.4465967323 0.3904725249 0.6304167149 0.5588971975 0.4949565128 0.4102785452 0.6798333704 0.5927360275 0.5333181904 0.4391705381 0.6427814704 0.5778948040 0.4673609591
0.4000142671 0.4388247707 0.4820285585 0.4987280472 0.5189240166 0.5312060639 0.5570403023 0.5816411994 0.5912033317 0.6072498407 0.6257468034 0.6517033335 0.7543501657 0.7522432530 0.7277143948 0.7094327544 0.8454096152 0.8829494022 0.8454059841 0.7636846052 0.9178278016 0.0000000000 0.9130064513 0.9018181718 0.7937849029 0.7452573577 0.4165436354 0.4887755977 0.5450938241 0.5995862026 0.6756931671 0.7757795147 0.8379103410 0.8145183948 0.6837492143 0.3743786935 0.4402093981 0.3929589753 0.5230152793 0.4659026432 0.4253091320 0.4118647797 0.5731477922 0.5179586072 0.4839834856 0.4283358299 0.6557693963 0.5686865360 0.5024433998 0.4240911954 0.7148759730 0.6345087667 0.5553221457 0.4478314394 0.7596943264 0.6607733162 0.5864289841 0.4715031397 0.6887650350 0.5848786932 0.4889806951
0.4351498389 0.4805835230 0.5519324823 0.5246264245 0.5602792601 0.5945793443 0.6367331679 0.5803001468 0.6128070149 0.6591042077 0.7092571608 0.6219362371 0.7455890532 0.7933375378 0.8208451873 0.6502097171 0.8004329253 0.8978408026 0.9314835994 0.6894325694 0.8575331342 0.9130064513 0.0000000000 0.8859573362 0.7203298067 0.6986426882 0.4765781141 0.5684058332 0.6346974301 0.6991939976 0.7949096619 0.9021204546 0.9514854378 0.8605148199 0.6831806806 0.4289541715 0.5080505168 0.4564987428 0.6096845509 0.5399807654 0.4926366501 0.4788301995 0.6702063638 0.6044059202 0.5687012159 0.4896299469 0.7744508082 0.6715250428 0.5837652018 0.4785087040 0.8393761316 0.7465947608 0.6459311416 0.5026817227 0.8748844554 0.7594025099 0.6614363135 0.5155142602 0.7565976949 0.6098096004 0.5204251486
0.3682640412 0.3895896491 0.4304516998 0.4386115655 0.4547645418 0.4685104234 0.4922061234 0.5087446527 0.5132300376 0.5288888934 0.5500083943 0.5848725704 0.6606099118 0.6518768176 0.6430408153 0.6818130685 0.7718525723 0.7941028704 0.7682058029 0.7938718080 0.9208818026 0.9018181718 0.8859573362 0.0000000000 0.9032287914 0.9131959491 0.3808432329 0.4379162672 0.4885293935 0.5345853570 0.6086250909 0.7224911573 0.8358488688 0.9233137953 0.8516081307 0.3549229924 0.3999308594 0.3642674401 0.4720598400 0.4296495470 0.3921224422 0.3852272017 0.5200593299 0.4777781977 0.4538645237 0.4088879440 0.6018380389 0.5377598665 0.4827813764 0.4194070795 0.6791613230 0.6211162473 0.5625208835 0.4602932274 0.7696077909 0.6883068344 0.6309095870 0.5182862046 0.7791777981 0.7103324294 0.5610090626
0.3594827022 0.3714275918 0.3898566217 0.4189217936 0.4187372819 0.4191013817 0.4234549222 0.4903107096 0.4715854025 0.4668700756 0.4632599324 0.5871299115 0.6154604678 0.5598945100 0.5231901924 0.7295950638 0.7327902551 0.6784206075 0.6170892942 0.8789954218 0.9002123200 0.7937849029 0.7203298067 0.9032287914 0.0000000000 0.9330382637 0.3527927961 0.3861321605 0.4191789823 0.4431865258 0.4842341764 0.5559335746 0.6432586940 0.7538349932 0.7865317763 0.3360802713 0.3602361329 0.3378020893 0.4030428034 0.3705536981 0.3476211564 0.3474663196 0.4308425536 0.3992371347 0.3797438913 0.3587765593 0.4736868748 0.4280753757 0.3946833781 0.3679491770 0.5197692388 0.4772633251 0.4421439273 0.3917389720 0.5866093518 0.5280386760 0.4992257795 0.4385091586 0.6191212539 0.6174681217 0.4804913512
0.3457989456 0.3445440186 0.3661052231 0.3801173531 0.3825482751 0.3914710009 0.3998844531 0.4283459923 0.4202583677 0.4267664110 0.4340906291 0.4941805524 0.5273729171 0.5005665123 0.4888937024 0.6120683050 0.6311098863 0.6127331186 0.5808877243 0.7583301848 0.8132547527 0.7452573577 0.6986426882 0.9131959491 0.9330382637 0.0000000000 0.3401861447 0.3665098670 0.3998649572 0.4235036186 0.4658529318 0.5445256988 0.6519595644 0.8192394673 0.8843480110 0.3289529308 0.3480679388 0.3395605771 0.3905899060 0.3669631885 0.3474605003 0.3512314084 0.4206223775 0.3983417681 0.3857124163 0.3681703301 0.4671079283 0.4347610551 0.4062021641 0.3773894188 0.5227368243 0.4923979161 0.4683897611 0.4135804826 0.6094297076 0.5625689169 0.5444866446 0.4820836908 0.6872623645 0.7041252630 0.5393055071
0.6264696747 0.7368633164 0.7929430471 0.6144881748 0.6719250019 0.6970732014 0.7244454785 0.5177509768 0.5605529493 0.5997184963 0.6380171141 0.4586187802 0.5080320037 0.5613584552 0.5915911995 0.4168580721 0.4361223237 0.4781347468 0.5345280892 0.3761103831 0.4015461088 0.4165436354 0.4765781141 0.3808432329 0.3527927961 0.3401861447 0.0000000000 0.8788159544 0.7559417088 0.6586875847 0.5923547350 0.5405640386 0.4826354810 0.3908048042 0.3422265358 0.7096179768 0.7628221512 0.7465223637 0.7264208196 0.6639755320 0.6239804389 0.5680142943 0.6424038485 0.6116282832 0.5563653718 0.4719615460 0.5879089456 0.5326785038 0.4823528697 0.4231783541 0.5412260295 0.4828039881 0.4352052553 0.3847583374 0.4748019182 0.4197040520 0.3843289974 0.3465999528 0.3804610983 0.3439985191 0.3451253537
0.6654216446 0.7459685862 0.9092629155 0.6896179193 0.7794237944 0.8442192031 0.9035925974 0.6045941634 0.6688986810 0.7493151825 0.8098455556 0.5194561163 0.6098140337 0.6996467388 0.7458808483 0.4636820000 0.5135561787 0.5761265698 0.6584836354 0.4159623397 0.4610169715 0.4887755977 0.5684058332 0.4379162672 0.3861321605 0.3665098670 0.8788159544 0.0000000000 0.9375666259 0.8364566561 0.7444349485 0.6591161203 0.5685242388 0.4388138847 0.3629788785 0.7132799868 0.8599038793 0.7492084075 0.8890486748 0.7862410863 0.7106464983 0.6436066366 0.8018994076 0.7400159845 0.6618408629 0.5456871374 0.7352598040 0.6472552610 0.5630543578 0.4686253328 0.6567594773 0.5771333056 0.5029745440 0.4178781795 0.5584820444 0.4838164050 0.4233942088 0.3560111353 0.4177874650 0.3545910384 0.3493190233
0.6165667999 0.6813395873 0.8546421273 0.6695036601 0.7607981432 0.8462282065 0.9403445893 0.6123095388 0.6880803997 0.7970928140 0.8895007396 0.5351097516 0.6481668829 0.7635254936 0.8379865688 0.4781760225 0.5573926169 0.6395195549 0.7391168650 0.4425894905 0.5064519469 0.5450938241 0.6346974301 0.4885293935 0.4191789823 0.3998649572 0.7559417088 0.9375666259 0.0000000000 0.9316195200 0.8457128266 0.7410560860 0.6328720216 0.4850500982 0.3900396187 0.6446550905 0.8178037468 0.7080785729 0.9400852233 0.8154662467 0.7274365949 0.6644683012 0.8939446228 0.8053249119 0.7143404917 0.5797223628 0.8336820023 0.7210196398 0.6155816342 0.4940747013 0.7380047274 0.6494556502 0.5536881149 0.4451298387 0.6249207325 0.5423010977 0.4712880645 0.3828283551 0.4616601150 0.3751096016 0.3661092937
0.5548570264 0.6091657000 0.7642916991 0.6207783979 0.7009429153 0.7873535985 0.8951382984 0.5922316283 0.6673226217 0.7886426646 0.9156935954 0.5347956300 0.6625030461 0.7945152097 0.9052314634 0.4854287623 0.5912728982 0.6927579419 0.8121611846 0.4624917643 0.5452177407 0.5995862026 0.6991939976 0.5345853570 0.4431865258 0.4235036186 0.6586875847 0.8364566561 0.9316195200 0.0000000000 0.9318431750 0.8224778922 0.6999688239 0.5320083849 0.4155086360 0.5842579731 0.7393191867 0.6454425214 0.9045697175 0.7762343045 0.6898360923 0.6388356589 0.9298544759 0.8144836594 0.7193729506 0.5814506059 0.9049586354 0.7638724531 0.6414453968 0.5050243688 0.8117889399 0.7082433855 0.5928384013 0.4659200303 0.6904968736 0.5994828268 0.5150994463 0.4096602919 0.5079933405 0.3998632188 0.3870255775
0.5136577713 0.5610821130 0.6899706846 0.5865946758 0.6487049838 0.7222429794 0.8177135662 0.5807475660 0.6470495060 0.7552177837 0.8859996356 0.5476154503 0.6817783817 0.8105780956 0.9393118063 0.5086041239 0.6342441488 0.7592030720 0.8956809510 0.4969507359 0.6038637330 0.6756931671 0.7949096619 0.6086250909 0.4842341764 0.4658529318 0.5923547350 0.7444349485 0.8457128266 0.9318431750 0.0000000000 0.9224505720 0.8059106323 0.6126009557 0.4628774166 0.5339635566 0.6628038938 0.5926371256 0.8237681336 0.7116291523 0.6389967951 0.6054240683 0.8905013761 0.7788505308 0.7035058069 0.5753221570 0.9402537012 0.7892429202 0.6636586923 0.5181060725 0.8925360101 0.7775305612 0.6473143897 0.4975865006 0.7867679642 0.6815913548 0.5801836286 0.4489340582 0.5819500778 0.4429857885 0.4210433884
0.4782718551 0.5211059734 0.6210097421 0.5460637815 0.5974859796 0.6532764096 0.7239756680 0.5649867525 0.6159424708 0.6990850592 0.7967527414 0.5601176666 0.6912552299 0.7928339207 0.8955997507 0.5453250288 0.6844773771 0.8169103394 0.9414946322 0.5511126022 0.6903296348 0.7757795147 0.9021204546 0.7224911573 0.5559335746 0.5445256988 0.5405640386 0.6591161203 0.7410560860 0.8224778922 0.9224505720 0.0000000000 0.9311908128 0.7402429694 0.5552789499 0.4920568730 0.5934633424 0.5436717147 0.7237660897 0.6384528061 0.5863680226 0.5668973379 0.7974210439 0.7163777712 0.6709785861 0.5639576270 0.9025200250 0.7799118275 0.6697743440 0.5331398059 0.9329243070 0.8274038897 0.7006051781 0.5334172903 0.8913054926 0.7750268635 0.6641881114 0.5062471639 0.6947877174 0.5241406444 0.4801893994
0.4313264919 0.4684693227 0.5418316026 0.4940943926 0.5323261968 0.5716426037 0.6229996963 0.5284703734 0.5633303264 0.6181319258 0.6847022498 0.5502853686 0.6625855393 0.7291265850 0.7961988732 0.5650036373 0.6991617631 0.8147711301 0.9042020886 0.6028912818 0.7579783226 0.8379103410 0.9514854378 0.8358488688 0.6432586940 0.6519595644 0.4826354810 0.5685242388 0.6328720216 0.6999688239 0.8059106323 0.9311908128 0.0000000000 0.8782333295 0.6826037339 0.4403263922 0.5187960098 0.4785381752 0.6183593621 0.5561109906 0.5178240705 0.5084025924 0.6875801192 0.6338782261 0.6110471785 0.5300886908 0.8091183772 0.7259732414 0.6421898681 0.5266972621 0.8951528936 0.8200185440 0.7208733037 0.5613428165 0.9442320461 0.8359894885 0.7355932662 0.5747663084 0.8140982204 0.6400565057 0.5639012190
0.3612462017 0.3848034716 0.4262179989 0.4120754413 0.4343630614 0.4532770410 0.4813140645 0.4553628658 0.4713882142 0.4956924055 0.5294633556 0.5010961624 0.5731956600 0.5969398092 0.6220692586 0.5588107134 0.6543895277 0.7177583108 0.7400309965 0.6486409316 0.7825302978 0.8145183948 0.8605148199 0.9233137953 0.7538349932 0.8192394673 0.3908048042 0.4388138847 0.4850500982 0.5320083849 0.6126009557 0.7402429694 0.8782333295 0.0000000000 0.8812478183 0.3688842886 0.4061151759 0.3822306586 0.4739910642 0.4392023297 0.4116279155 0.4076745011 0.5275347638 0.4970173509 0.4872079425 0.4432378772 0.6255220754 0.5825326410 0.5358773830 0.4630909701 0.7253949058 0.6933332147 0.6467166905 0.5317671119 0.8450497353 0.7868190714 0.7394950627 0.6174581919 0.8916290997 0.8057009574 0.6575110299
0.3372575416 0.3397024108 0.3578136409 0.3617902401 0.3660659852 0.3758355145 0.3877792843 0.3919449491 0.3904302182 0.4018929382 0.4150461341 0.4358875375 0.4692048650 0.4662436090 0.4739854301 0.5169520604 0.5527748267 0.5700228171 0.5632560607 0.6390245926 0.7072743561 0.6837492143 0.6831806806 0.8516081307 0.7865317763 0.8843480110 0.3422265358 0.3629788785 0.3900396187 0.4155086360 0.4628774166 0.5552789499 0.6826037339 0.8812478183 0.0000000000 0.3321021558 0.3432733532 0.3350525323 0.3845183786 0.3646078980 0.3489695916 0.3520766462 0.4165428637 0.3992036179 0.3969771741 0.3799280400 0.4767425432 0.4595528070 0.4408282108 0.4071242867 0.5553454425 0.5485778186 0.5457301604 0.4880546027 0.6730400914 0.6608738264 0.6757463094 0.6305957802 0.8318197975 0.8910820912 0.7070202753
0.5027508630 0.5149442713 0.5868601196 0.4504009700 0.4982375130 0.5298670541 0.5892369644 0.4161623519 0.4507586939 0.4902504050 0.5451444919 0.3861031674 0.4211726332 0.4712875967 0.5139135430 0.3675618917 0.3796340390 0.4160085407 0.4774232206 0.3507206892 0.3633184498 0.3743786935 0.4289541715 0.3549229924 0.3360802713 0.3289529308 0.7096179768 0.7132799868 0.6446550905 0.5842579731 0.5339635566 0.4920568730 0.4403263922 0.3688842886 0.3321021558 0.0000000000 0.7399538523 0.7854315657 0.6651766902 0.6496635487 0.6366094392 0.5852847659 0.5937986071 0.5983663318 0.5649506480 0.4930008228 0.5423626250 0.5200591591 0.4830098133 0.4318764538 0.4998838777 0.4576237454 0.4304414245 0.3894610589 0.4358320997 0.4000698164 0.3700567443 0.3351340225 0.3621007366 0.3360352716 0.3325712917
0.5207700252 0.5696197391 0.7067625899 0.5342720817 0.5973392641 0.6619881385 0.7437008773 0.4912801111 0.5383004607 0.6041623973 0.6796288317 0.4400501972 0.5052668951 0.5828381639 0.6398677891 0.4109520761 0.4424938795 0.4989314043 0.5779813811 0.3779184047 0.4126534947 0.4402093981 0.5080505168 0.3999308594 0.3602361329 0.3480679388 0.7628221512 0.8599038793 0.8178037468 0.7393191867 0.6628038938 0.5934633424 0.5187960098 0.4061151759 0.3432733532 0.7399538523 0.0000000000 0.8170059918 0.8317557918 0.8006462028 0.7744851412 0.7115215141 0.7552923529 0.7562904386 0.7050381697 0.5891844242 0.6831449343 0.6451351401 0.5867675876 0.4950533864 0.6108822844 0.5613470255 0.5101078753 0.4345888890 0.5198291499 0.4705912303 0.4171633052 0.3563956870 0.3976255820 0.3417889350 0.3425991227
0.4509103016 0.4958739480 0.5940666887 0.4619622445 0.5038608360 0.5478022000 0.6308085909 0.4341086913 0.4647925404 0.5097447659 0.5829744344 0.3938226011 0.4392262660 0.5026797738 0.5569743774 0.3709745364 0.3889935183 0.4387981703 0.5134625379 0.3488260864 0.3679887654 0.3929589753 0.4564987428 0.3642674401 0.3378020893 0.3395605771 0.7465223637 0.7492084075 0.7080785729 0.6454425214 0.5926371256 0.5436717147 0.4785381752 0.3822306586 0.3350525323 0.7854315657 0.8170059918 0.0000000000 0.7559065092 0.7820517821 0.8217026675 0.8241984383 0.6874838964 0.7425550663 0.7519732290 0.6792388846 0.6270555662 0.6366627213 0.6239503456 0.5655574343 0.5733431508 0.5425056081 0.5239351221 0.4742652129 0.4873347894 0.4509931236 0.4141753661 0.3646053702 0.3855023542 0.3401852954 0.3468778726
0.5686063003 0.6168308083 0.7728835644 0.5952644901 0.6741647272 0.7565465947 0.8615084995 0.5516527762 0.6157542270 0.7131266810 0.8172973233 0.4887513867 0.5900556567 0.6965530856 0.7849289283 0.4486997149 0.5184426536 0.5994314092 0.7022373261 0.4204945899 0.4807080916 0.5230152793 0.6096845509 0.4720598400 0.4030428034 0.3905899060 0.7264208196 0.8890486748 0.9400852233 0.9045697175 0.8237681336 0.7237660897 0.6183593621 0.4739910642 0.3845183786 0.6651766902 0.8317557918 0.7559065092 0.0000000000 0.8826172247 0.8007774676 0.7349760720 0.9310915590 0.8871515688 0.7919250017 0.6383116737 0.8490214240 0.7712673215 0.6684339929 0.5364603376 0.7460648717 0.6758730105 0.5858013523 0.4716839431 0.6233161543 0.5528193708 0.4843657541 0.3939059397 0.4604964987 0.3738468497 0.3687884626
0.4937951530 0.5289913024 0.6597292282 0.5092614739 0.5722202246 0.6353065743 0.7299337331 0.4790270629 0.5282102743 0.5992597716 0.6878872892 0.4348431597 0.5069688486 0.5901876772 0.6646663815 0.4004516812 0.4555679691 0.5239275417 0.6076535968 0.3843419819 0.4296775227 0.4659026432 0.5399807654 0.4296495470 0.3705536981 0.3669631885 0.6639755320 0.7862410863 0.8154662467 0.7762343045 0.7116291523 0.6384528061 0.5561109906 0.4392023297 0.3646078980 0.6496635487 0.8006462028 0.7820517821 0.8826172247 0.0000000000 0.8456013020 0.7909779964 0.8415925847 0.8785879001 0.8254214688 0.6841599053 0.7630803820 0.7482918170 0.6824410230 0.5660580925 0.6780044370 0.6426256482 0.5858709140 0.4897809850 0.5709912656 0.5242340382 0.4716621812 0.3914154525 0.4364349414 0.3602061134 0.3601580270
0.4288515634 0.4617876808 0.5790317841 0.4630422843 0.5074155724 0.5578201899 0.6444606854 0.4492101232 0.4762777871 0.5290301422 0.6066923049 0.4037185769 0.4587883766 0.5279154318 0.5922548066 0.3721918092 0.4113397844 0.4701649122 0.5490697961 0.3542170310 0.3886703005 0.4253091320 0.4926366501 0.3921224422 0.3476211564 0.3474605003 0.6239804389 0.7106464983 0.7274365949 0.6898360923 0.6389967951 0.5863680226 0.5178240705 0.4116279155 0.3489695916 0.6366094392 0.7744851412 0.8217026675 0.8007774676 0.8456013020 0.0000000000 0.9020016766 0.7651005572 0.8580881970 0.8813858855 0.7822710067 0.7044877032 0.7428351207 0.7284441380 0.6391554436 0.6384813257 0.6338092195 0.6138952236 0.5381344127 0.5439655561 0.5168068678 0.4735793227 0.4010651453 0.4243961427 0.3539341951 0.3589580342
0.3883077043 0.4164669262 0.5221086076 0.4431232951 0.4694103980 0.5137064072 0.5907922977 0.4349042678 0.4527052514 0.4936823201 0.5647951507 0.3859404899 0.4365643042 0.4989865957 0.5582632510 0.3596831781 0.3951887974 0.4500069970 0.5248837079 0.3476314546 0.3787736996 0.4118647797 0.4788301995 0.3852272017 0.3474663196 0.3512314084 0.5680142943 0.6436066366 0.6644683012 0.6388356589 0.6054240683 0.5668973379 0.5084025924 0.4076745011 0.3520766462 0.5852847659 0.7115215141 0.8241984383 0.7349760720 0.7909779964 0.9020016766 0.0000000000 0.7139441143 0.8289630318 0.9238205389 0.8923524929 0.6763841412 0.7507922797 0.7857252762 0.7444051548 0.6275333719 0.6462417265 0.6581806726 0.6080421131 0.5438970752 0.5263089199 0.4937426148 0.4232373904 0.4280599754 0.3580451400 0.3685722771
0.5288241100 0.5711716703 0.7081367037 0.5660452005 0.6371902957 0.7120333035 0.8207472491 0.5399591922 0.6031629673 0.7018653003 0.8236082852 0.4960550295 0.6037271403 0.7136969065 0.8273995563 0.4571357628 0.5475591535 0.6422940050 0.7614613348 0.4416269026 0.5180939718 0.5731477922 0.6702063638 0.5200593299 0.4308425536 0.4206223775 0.6424038485 0.8018994076 0.8939446228 0.9298544759 0.8905013761 0.7974210439 0.6875801192 0.5275347638 0.4165428637 0.5937986071 0.7552923529 0.6874838964 0.9310915590 0.8415925847 0.7651005572 0.7139441143 0.0000000000 0.9229493005 0.8174324563 0.6568273510 0.9290329509 0.8436192428 0.7212533942 0.5619793475 0.8288587873 0.7572557615 0.6480888332 0.5085904914 0.6997294426 0.6253275250 0.5436565604 0.4312281745 0.5163501749 0.4032986830 0.3953941275
0.4825387262 0.5155160801 0.6336304248 0.5068276509 0.5654764573 0.6243774138 0.7204653459 0.4873392425 0.5343988294 0.6075043738 0.7072854468 0.4453888872 0.5329906118 0.6197102935 0.7122478942 0.4140159212 0.4883187167 0.5687205816 0.6699684802 0.4044108169 0.4680611846 0.5179586072 0.6044059202 0.4777781977 0.3992371347 0.3983417681 0.6116282832 0.7400159845 0.8053249119 0.8144836594 0.7788505308 0.7163777712 0.6338782261 0.4970173509 0.3992036179 0.5983663318 0.7562904386 0.7425550663 0.8871515688 0.8785879001 0.8580881970 0.8289630318 0.9229493005 0.0000000000 0.9313245387 0.7716843025 0.8647135978 0.8847450425 0.8085925316 0.6568857606 0.7852381231 0.7723677755 0.7084156971 0.5793015341 0.6692980963 0.6291216864 0.5651500752 0.4551599373 0.5070507566 0.3958975114 0.3992765310
0.4212497189 0.4497760247 0.5568050282 0.4592311102 0.5020861560 0.5542549817 0.6380165334 0.4534108112 0.4854482681 0.5430074816 0.6309309045 0.4107987045 0.4860122695 0.5611958000 0.6420247482 0.3837697954 0.4478440046 0.5237986237 0.6161161490 0.3772586144 0.4350153927 0.4839834856 0.5687012159 0.4538645237 0.3797438913 0.3857124163 0.5563653718 0.6618408629 0.7143404917 0.7193729506 0.7035058069 0.6709785861 0.6110471785 0.4872079425 0.3969771741 0.5649506480 0.7050381697 0.7519732290 0.7919250017 0.8254214688 0.8813858855 0.9238205389 0.8174324563 0.9313245387 0.0000000000 0.9018756962 0.7980715157 0.8846543135 0.8882290354 0.7881405488 0.7560532941 0.7906951034 0.7856677216 0.6902500045 0.6639899293 0.6515978414 0.6112442551 0.5039715003 0.5217038804 0.4077963031 0.4194453013
0.3731642828 0.3911065898 0.4682694074 0.4089114855 0.4348011626 0.4664969648 0.5241599842 0.4052660007 0.4263800406 0.4558771483 0.5174586391 0.3721412230 0.4214503033 0.4716537150 0.5271550802 0.3539257516 0.3939026931 0.4502814498 0.5171174978 0.3505671348 0.3911482117 0.4283358299 0.4896299469 0.4088879440 0.3587765593 0.3681703301 0.4719615460 0.5456871374 0.5797223628 0.5814506059 0.5753221570 0.5639576270 0.5300886908 0.4432378772 0.3799280400 0.4930008228 0.5891844242 0.6792388846 0.6383116737 0.6841599053 0.7822710067 0.8923524929 0.6568273510 0.7716843025 0.9018756962 0.0000000000 0.6607972566 0.7749810047 0.8536475093 0.8517634807 0.6448220944 0.7057161546 0.7629236340 0.7449112762 0.5847174092 0.5981379361 0.5885274652 0.5184827430 0.4860054881 0.3986112276 0.4216633361
0.5002258963 0.5389962361 0.6655776791 0.5566616571 0.6160790411 0.6856395727 0.7840580615 0.5507664824 0.6081548379 0.7051849059 0.8270807989 0.5158289501 0.6378237862 0.7532156074 0.8762838072 0.4835546130 0.6001041381 0.7175971896 0.8515066737 0.4775589358 0.5813631335 0.6557693963 0.7744508082 0.6018380389 0.4736868748 0.4671079283 0.5879089456 0.7352598040 0.8336820023 0.9049586354 0.9402537012 0.9025200250 0.8091183772 0.6255220754 0.4767425432 0.5423626250 0.6831449343 0.6270555662 0.8490214240 0.7630803820 0.7044877032 0.6763841412 0.9290329509 0.8647135978 0.7980715157 0.6607972566 0.0000000000 0.8823241868 0.7609338358 0.5967661459 0.9290467672 0.8580728316 0.7387314448 0.5671448936 0.8225392202 0.7408625913 0.6430002169 0.4942716749 0.6186232016 0.4651885323 0.4474105130
0.4392202457 0.4671853369 0.5699184222 0.4778800446 0.5261279030 0.5799711717 0.6629293145 0.4753403709 0.5205479311 0.5852183510 0.6823457086 0.4452649557 0.5377687901 0.6230053010 0.7196105995 0.4261246518 0.5120964685 0.6061328309 0.7150505401 0.4264760033 0.5043578719 0.5686865360 0.6715250428 0.5377598665 0.4280753757 0.4347610551 0.5326785038 0.6472552610 0.7210196398 0.7638724531 0.7892429202 0.7799118275 0.7259732414 0.5825326410 0.4595528070 0.5200591591 0.6451351401 0.6366627213 0.7712673215 0.7482918170 0.7428351207 0.7507922797 0.8436192428 0.8847450425 0.8846543135 0.7749810047 0.8823241868 0.0000000000 0.8742208950 0.7189585151 0.8723305634 0.9056601562 0.8481608585 0.6838958604 0.7869284361 0.7688760514 0.7044731106 0.5610171439 0.6222997632 0.4696878526 0.4752679967
0.3941592510 0.4156859756 0.4928936342 0.4231214088 0.4555502979 0.4978775718 0.5617782306 0.4287686196 0.4568088355 0.4988036923 0.5748800147 0.4012605877 0.4686498485 0.5312715516 0.6051995218 0.3872981311 0.4486330603 0.5246243357 0.6084396471 0.3875899668 0.4465967323 0.5024433998 0.5837652018 0.4827813764 0.3946833781 0.4062021641 0.4823528697 0.5630543578 0.6155816342 0.6414453968 0.6636586923 0.6697743440 0.6421898681 0.5358773830 0.4408282108 0.4830098133 0.5867675876 0.6239503456 0.6684339929 0.6824410230 0.7284441380 0.7857252762 0.7212533942 0.8085925316 0.8882290354 0.8536475093 0.7609338358 0.8742208950 0.0000000000 0.8295534725 0.7749631141 0.8542733674 0.8813001995 0.7952448761 0.7191002477 0.7424308270 0.7204175331 0.6149792309 0.6028699834 0.4719703618 0.4975796438
0.3644167082 0.3723424489 0.4157108865 0.3768405202 0.3919662930 0.4201791428 0.4588162170 0.3748988187 0.3968887656 0.4138430826 0.4622890469 0.3637887246 0.3958968191 0.4321356415 0.4797796827 0.3520037424 0.3824356975 0.4313978445 0.4868667801 0.3554336242 0.3904725249 0.4240911954 0.4785087040 0.4194070795 0.3679491770 0.3773894188 0.4231783541 0.4686253328 0.4940747013 0.5050243688 0.5181060725 0.5331398059 0.5266972621 0.4630909701 0.4071242867 0.4318764538 0.4950533864 0.5655574343 0.5364603376 0.5660580925 0.6391554436 0.7444051548 0.5619793475 0.6568857606 0.7881405488 0.8517634807 0.5967661459 0.7189585151 0.8295534725 0.0000000000 0.6144336866 0.7044721105 0.8066111959 0.8627224287 0.5903411468 0.6355189629 0.6547733629 0.6097844303 0.5339172668 0.4464369012 0.4786136501
